11 | 2048 4
2134 | 8104 643
131313 | 9947 39530
31213456 | 616 9396187
1234567890 | 9079 371641967

3 1.32425 3.32425
9 13.761 33.761
7 33 45
1001 125250 375750

11 540
101 972204228
202 469670679
303 335129814
1000 103176468

10 9
1 2
2 3
3 4
4 5
5 6
6 7
7 8
9 2

1

7 6
1 2
1 3
1 4
1 5
1 6
1 7

0

3 0

0

1000 500
966 305
410 433
701 163
839 789
352 689
422 367
822 200
982 69
431 815
774 534
282 912
50 371
369 912
733 558
762 267
560 89
399 730
497 681
807 654
567 933
214 178
789 818
283 612
933 65
705 156
167 699
449 728
986 267
541 767
274 901
527 349
819 502
939 262
573 28
515 974
72 39
66 912
858 233
171 766
423 674
531 449
880 214
324 529
631 579
979 591
977 309
980 337
149 412
548 678
37 74
56 619
131 437
420 621
710 564
214 903
156 512
861 262
97 952
324 27
273 329
499 521
859 389
648 377
920 748
169 338
626 657
261 52
311 615
468 847
64 611
741 767
861 51
863 51
180 23
161 438
226 239
205 45
344 134
122 811
449 830
426 26
20 235
28 938
205 756
155 559
281 719
374 70
290 764
920 623
127 158
451 946
359 189
577 843
495 239
364 488
923 208
695 341
306 503
388 749
429 436
567 540
360 543
874 27
450 746
867 140
810 858
107 238
34 522
384 339
17 784
165 992
708 828
32 540
444 542
901 925
854 463
545 1000
246 283
298 127
677 558
749 184
46 941
871 507
635 206
536 452
21 858
613 178
500 329
477 231
36 135
263 106
144 806
914 193
451 684
836 290
493 151
63 156
522 998
321 681
874 673
699 615
260 396
164 104
20 279
982 142
855 218
930 739
988 592
176 800
966 105
210 12
279 709
289 344
567 237
399 656
646 52
983 684
662 342
642 96
244 175
788 585
320 735
798 241
330 877
285 853
656 610
506 453
142 576
587 387
917 339
347 600
943 94
486 635
258 720
631 987
171 440
277 64
485 175
523 997
673 950
943 736
488 648
646 44
976 721
870 815
715 134
539 648
14 551
214 28
256 867
387 41
826 427
818 362
814 337
361 892
474 722
536 720
143 210
149 723
165 647
728 738
746 161
881 210
595 568
697 78
41 662
159 330
24 182
764 688
180 102
168 857
53 801
895 663
172 296
830 392
190 178
971 693
433 105
644 660
981 447
606 819
565 529
865 126
302 915
145 370
559 892
633 483
681 260
603 75
768 523
875 228
483 907
389 32
377 128
700 879
261 959
132 705
259 973
954 972
59 762
979 320
870 909
274 633
190 26
694 821
763 514
299 607
35 49
688 227
282 237
985 482
242 29
917 9
660 273
11 381
880 553
193 569
674 201
213 212
669 259
879 117
700 973
950 944
863 516
90 405
795 985
499 823
525 283
280 658
480 789
378 137
676 50
2 807
402 590
864 556
998 815
622 834
924 148
508 857
238 917
965 280
668 235
146 756
501 272
525 702
534 658
73 456
849 940
768 536
431 446
781 505
312 943
835 430
258 600
485 1000
225 250
968 682
366 395
822 642
587 477
172 3
582 95
406 130
356 72
602 917
240 985
578 402
540 818
878 479
399 432
761 462
143 750
667 564
921 185
863 41
455 769
957 850
25 628
755 382
647 989
64 462
254 429
705 97
97 313
327 910
914 61
513 139
337 38
846 765
76 638
597 553
32 252
297 115
135 562
863 941
730 163
162 803
233 84
441 404
728 994
974 75
316 213
515 590
943 668
737 711
448 561
257 978
575 190
590 558
359 512
306 39
101 762
120 691
648 333
666 876
129 823
828 910
221 162
144 953
352 655
324 944
60 842
369 155
59 776
685 523
786 174
492 644
46 115
146 231
75 801
92 337
91 224
343 166
420 724
73 562
749 640
271 665
577 450
830 125
21 897
183 777
143 21
892 460
880 477
128 647
500 959
263 578
894 12
960 324
113 561
876 722
805 493
226 658
303 824
65 433
484 833
826 905
335 67
116 926
937 33
938 819
848 591
555 665
76 467
32 608
373 579
891 9
521 481
749 59
717 788
168 124
801 561
879 611
369 946
68 524
577 662
896 443
618 258
944 860
730 797
429 970
680 530
588 271
616 97
920 428
404 943
997 985
44 288
519 255
430 762
482 164
650 404
539 103
16 830
470 468
211 371
937 410
921 476
273 787
371 695
732 140
427 200
775 534
308 542
673 781
110 2
231 263
97 763
617 502
122 261
773 225
892 483
859 48
857 259
313 111
554 858
927 693
882 247
557 29
17 156
716 20
872 394
947 508
817 636
563 697
425 279
93 907
176 896
874 427
424 798
907 529
492 98
699 237
883 621
1 228
317 49
474 621
357 514
398 325
263 614
330 400
53 923
735 793
253 759
952 372
965 790
393 834
769 88
686 741
340 633
826 164
141 605
754 424
308 715
185 104
150 217
13 139
773 777
601 597
35 154
982

