1000 175
749 792
463 7
954 421
835 330
151 994
477 84
659 267
739 948
481 120
105 643
44 122
725 746
176 261
190 154
694 14
537 794
157 999
800 462
420 986
144 922
331 620
357 989
239 447
936 71
566 393
65 961
514 790
706 690
50 248
843 95
261 731
888 769
730 39
582 501
25 725
422 707
697 778
696 287
224 983
357 789
375 421
750 241
562 807
930 611
54 124
705 666
855 592
786 936
983 368
436 359
92 857
65 140
986 112
426 209
447 134
349 173
907 450
413 468
257 342
431 310
818 135
976 24
79 761
959 413
480 394
771 924
602 187
63 587
299 841
795 745
326 495
269 584
945 682
404 201
375 834
862 192
320 189
215 750
950 525
162 781
918 932
704 519
471 767
457 769
607 251
865 284
98 133
868 42
166 271
594 541
104 455
84 775
644 651
525 945
175 686
725 93
970 429
963 440
547 420
560 505
22 776
788 119
260 655
512 426
277 105
318 380
912 401
507 907
51 31
851 226
68 927
670 37
707 984
828 605
403 739
109 777
866 249
247 126
255 759
903 532
215 572
263 126
972 769
32 23
799 234
600 867
513 269
255 219
604 83
176 359
173 284
135 39
532 733
516 787
491 418
670 706
989 932
183 312
53 215
686 851
800 285
69 312
905 676
883 509
110 58
219 282
693 353
320 577
85 835
715 928
604 384
985 944
315 167
256 719
733 293
570 533
578 990
196 834
665 430
694 774
487 912
56 532
616 727
108 53
914 822
980 869
205 316
813 871
482 420
590 567
64 511
99 993
852 646
827 517
76 872
