1000 792
590 344
708 992
407 392
499 564
233 985
989 92
291 423
962 784
999 756
73 500
864 42
425 227
168 411
895 206
692 805
834 633
148 541
624 906
284 122
470 516
458 810
960 101
584 921
884 583
28 308
434 891
350 210
470 517
621 716
74 664
872 907
296 372
448 271
277 83
744 746
951 202
908 910
302 491
182 537
425 210
844 858
452 193
420 273
61 392
341 134
55 212
41 702
583 840
324 860
274 67
957 224
620 216
485 273
707 19
809 483
580 5
693 383
549 112
656 610
503 348
95 909
559 487
610 494
326 285
705 952
351 13
175 971
229 12
595 287
30 404
769 961
408 813
343 956
924 350
917 778
697 12
686 608
850 647
101 176
931 157
127 634
169 653
956 397
16 550
35 45
305 156
357 64
968 700
20 244
49 288
21 746
651 59
353 501
57 805
28 340
961 506
973 129
158 280
878 526
829 264
922 134
419 279
197 739
978 568
982 26
208 354
771 858
764 475
710 821
279 737
160 591
242 484
72 752
763 301
277 591
564 198
76 335
476 625
73 453
192 406
831 399
111 953
609 875
428 318
47 58
407 558
1 648
393 72
751 155
372 27
97 287
577 525
621 52
149 45
857 692
450 39
443 561
991 51
787 770
720 185
180 126
94 180
774 486
603 524
640 974
903 88
612 479
612 233
882 760
277 90
804 79
128 246
639 119
296 777
240 15
313 419
141 406
950 266
891 552
141 882
877 395
969 489
225 933
721 107
44 349
548 847
427 676
92 417
146 387
545 737
754 857
156 246
262 105
863 504
9 355
385 885
750 706
373 974
638 445
432 33
794 332
880 572
7 971
989 504
710 885
240 815
742 747
60 3
204 274
859 212
628 243
448 377
948 821
703 937
617 486
970 762
817 849
334 175
171 674
30 880
558 622
46 651
368 105
6 923
378 864
486 6
106 934
734 406
106 788
694 722
626 663
836 794
863 521
321 386
194 350
617 103
323 663
106 691
119 111
965 497
974 451
854 79
384 939
836 841
79 530
914 56
544 749
849 759
269 169
496 814
871 112
269 193
774 374
235 245
484 200
741 457
2 946
887 737
236 723
577 314
604 490
369 499
239 570
257 859
90 104
673 960
216 941
505 341
314 91
585 797
642 677
253 643
622 491
379 858
565 307
523 168
797 244
667 387
813 275
245 902
379 269
214 946
209 70
638 522
160 223
318 802
251 922
796 225
765 175
434 329
833 956
497 981
199 515
719 363
141 964
617 871
232 182
168 793
251 806
314 410
28 984
563 630
257 359
854 21
885 287
350 717
243 198
50 793
64 768
508 204
83 124
75 667
305 594
459 555
399 772
316 778
107 231
408 716
941 261
736 825
548 437
893 790
986 942
934 49
710 441
253 792
916 679
810 220
272 268
126 671
392 794
800 498
24 207
565 964
468 653
140 15
89 384
156 427
326 441
475 387
882 79
530 797
109 340
369 381
607 494
403 350
639 554
200 14
761 764
977 228
416 468
594 857
852 749
283 529
541 109
915 422
188 796
571 296
135 291
28 94
136 782
443 775
336 642
788 96
758 117
675 173
936 268
381 787
368 663
315 908
772 581
682 311
377 604
606 863
894 986
308 29
767 751
803 102
744 943
549 501
59 223
26 994
490 406
133 209
421 799
117 544
380 150
854 108
753 459
970 646
796 278
674 563
380 829
16 475
771 565
328 181
139 353
526 981
758 658
189 530
457 657
73 188
806 926
647 558
737 616
203 532
245 229
446 976
57 462
451 179
378 778
711 516
482 236
848 591
246 37
121 54
45 193
241 851
119 887
760 855
854 315
738 451
543 184
778 951
645 580
481 22
709 191
889 190
426 737
781 671
125 901
76 169
93 668
371 563
554 483
417 760
797 507
562 339
690 339
641 686
919 121
707 627
311 947
817 88
35 949
111 511
849 186
32 293
854 754
856 759
236 624
870 32
130 431
370 819
770 362
504 40
482 562
18 144
861 834
232 895
134 342
406 982
879 789
627 732
542 482
843 778
105 712
809 235
143 531
53 264
892 909
303 726
470 320
869 330
506 452
577 991
793 334
325 24
122 951
755 663
432 949
792 536
661 601
122 803
131 527
66 374
435 720
99 256
391 320
938 248
771 514
239 916
199 563
939 672
513 45
686 296
994 478
183 654
78 305
808 560
831 225
285 265
296 736
520 686
55 457
286 177
322 876
92 872
790 382
543 654
427 229
949 772
706 131
777 135
435 584
46 617
160 682
881 455
417 753
140 823
561 777
1000 235
652 91
106 441
473 649
446 251
877 394
374 934
877 150
420 663
85 817
280 244
498 160
50 915
264 541
737 825
318 88
411 321
179 516
114 3
164 559
605 392
953 330
677 181
831 96
843 915
912 122
510 762
634 559
676 897
99 764
73 768
204 483
89 382
999 202
736 514
760 692
258 64
21 934
244 851
382 87
117 645
208 978
406 841
888 433
90 338
549 162
106 752
645 546
485 995
99 220
508 858
263 765
274 635
51 869
485 432
307 953
428 867
282 834
707 169
618 148
506 166
310 963
917 306
860 753
300 958
324 159
168 586
276 441
220 326
661 56
109 968
360 536
834 641
369 892
809 987
40 667
504 701
981 773
6 841
525 657
798 849
815 965
786 90
757 6
767 418
413 875
385 773
411 218
413 131
461 574
469 500
240 973
552 572
745 909
412 621
565 562
469 732
526 255
173 635
612 940
52 24
814 788
796 576
357 209
707 817
134 175
669 725
147 220
296 243
129 60
864 45
621 684
776 498
938 301
132 901
240 535
925 405
322 720
981 30
280 687
847 765
861 867
489 360
438 785
602 918
844 817
963 816
501 90
665 790
390 797
691 629
683 967
34 357
38 14
386 670
52 584
434 912
802 923
623 240
707 577
157 902
393 471
69 245
561 733
387 950
881 77
931 564
395 316
272 432
681 657
101 732
593 535
995 394
457 618
633 515
194 142
416 938
612 484
183 524
568 569
474 449
997 756
364 391
423 635
174 455
643 275
186 235
809 532
981 265
501 965
131 694
106 546
984 70
381 166
593 300
86 418
748 434
525 111
176 947
97 349
401 740
623 938
326 431
822 306
47 322
623 177
368 728
74 351
149 806
868 742
106 953
159 205
386 684
668 913
982 764
261 735
855 884
24 533
666 845
190 65
167 812
593 534
892 19
236 40
824 103
781 281
55 292
486 792
327 153
704 308
916 316
394 123
199 418
655 217
262 844
281 780
656 225
665 547
243 900
938 419
2 719
699 408
362 184
551 688
336 606
347 604
922 93
726 472
510 732
688 123
575 320
903 582
897 567
480 139
819 418
557 820
488 256
580 849
439 130
888 127
736 586
82 9
678 159
480 187
890 520
662 816
191 564
750 87
482 229
226 300
998 134
472 485
741 51
685 532
532 572
658 619
158 739
627 187
249 459
726 138
330 387
305 520
950 54
607 783
635 184
83 632
317 906
117 58
308 801
941 839
725 598
810 234
688 788
420 288
598 145
425 927
883 81
447 184
135 53
967 121
588 401
752 904
306 220
313 613
373 605
803 97
202 612
682 241
752 453
528 349
950 304
