1000 570
307 380
409 881
933 520
470 20
659 127
246 95
873 201
97 779
126 827
175 125
252 287
294 762
809 391
701 49
973 122
872 279
501 632
160 433
151 981
805 810
108 50
904 332
602 352
110 727
531 636
203 782
275 497
895 83
887 947
483 211
68 354
490 568
986 1
353 136
981 157
297 440
558 553
123 159
256 232
238 786
220 440
919 494
288 165
576 527
111 59
737 178
764 578
98 749
930 450
237 263
958 885
702 515
437 177
25 45
408 614
830 627
54 101
472 693
265 400
219 376
458 308
905 573
237 2
322 167
451 910
429 760
794 482
274 583
658 299
627 66
912 808
44 317
908 868
362 525
267 580
900 76
239 804
648 476
158 321
642 960
582 70
720 376
903 993
310 561
643 288
978 907
95 373
575 355
240 936
231 506
868 130
933 106
285 581
933 794
901 926
754 483
347 473
210 250
817 871
810 812
158 787
70 604
511 996
310 751
284 540
608 151
21 541
608 658
473 541
451 725
466 204
559 813
28 768
414 197
990 223
360 499
361 781
103 871
776 764
973 59
304 581
561 324
473 169
333 945
61 784
669 878
339 580
42 367
347 455
915 689
29 626
187 389
406 289
612 181
405 584
592 708
164 152
383 988
672 716
284 732
499 305
962 189
884 3
555 582
810 821
270 838
446 457
579 851
97 190
384 501
125 327
560 641
830 943
628 502
10 912
585 508
216 898
696 99
253 603
680 62
775 302
251 221
758 181
423 206
370 158
707 495
484 266
135 314
560 114
167 569
377 103
428 592
1 476
42 253
78 74
314 204
375 916
776 484
97 199
689 818
708 395
664 192
13 150
857 572
264 375
493 640
477 920
584 477
395 977
729 824
50 394
28 424
310 803
259 406
353 948
575 61
694 239
604 706
388 812
630 3
538 122
643 14
41 578
491 788
554 571
611 956
965 990
731 274
145 990
31 849
937 605
261 630
195 216
688 583
27 317
585 564
438 579
930 830
508 420
969 62
990 932
17 306
921 747
579 417
736 961
266 24
918 526
654 112
742 341
694 120
657 631
684 446
561 965
627 69
384 596
130 725
527 498
31 799
596 961
216 332
274 481
707 191
358 360
302 99
52 348
219 708
330 254
505 890
218 484
310 953
431 791
29 309
288 59
107 236
372 322
919 645
154 625
187 864
985 840
962 36
539 532
96 868
137 952
110 706
435 771
658 217
562 687
525 201
97 632
436 820
305 354
464 811
331 2
674 315
842 987
702 380
519 149
600 7
101 61
713 887
831 722
456 392
408 980
945 857
963 732
676 268
86 492
430 416
493 103
82 334
89 135
66 959
284 665
318 736
77 30
974 907
751 429
651 511
761 595
367 723
326 394
990 763
885 419
530 378
873 963
63 314
98 128
624 733
144 941
468 220
322 793
479 73
222 129
935 982
75 653
56 752
867 931
816 748
660 689
711 74
354 160
554 977
892 697
270 711
269 591
503 99
15 76
579 949
409 5
953 465
756 999
862 974
281 677
722 292
717 784
365 422
943 918
399 834
967 20
896 587
610 398
685 977
826 263
277 234
267 230
50 374
580 911
700 860
588 773
151 656
556 867
78 850
137 828
35 103
847 930
689 808
327 725
784 152
987 413
738 605
642 787
978 573
698 29
432 637
801 934
292 356
152 721
205 288
548 591
390 746
520 430
554 199
154 689
350 492
101 439
96 94
226 426
666 275
454 449
911 607
734 554
962 886
627 519
525 526
109 915
272 981
696 177
179 202
865 880
45 318
319 141
763 896
918 781
170 723
581 432
329 315
337 643
552 963
513 76
841 973
342 112
953 390
288 131
591 504
363 635
173 681
127 936
576 396
68 97
471 648
880 799
314 216
793 865
531 657
293 371
630 634
834 934
23 473
417 965
976 779
600 501
459 78
788 386
474 855
834 296
854 713
94 168
280 239
384 810
895 676
532 876
662 717
810 36
189 226
1 517
4 952
17 814
29 804
551 854
10 384
149 863
96 595
382 375
185 766
537 79
793 420
955 454
137 116
490 677
341 842
193 696
793 561
861 173
716 411
379 725
794 879
940 889
473 673
263 9
790 151
88 935
571 394
740 59
509 581
735 201
422 280
896 566
840 108
739 556
518 117
632 311
347 923
199 172
948 813
180 737
964 619
671 886
12 411
944 872
991 30
72 765
309 319
330 501
426 68
408 943
536 39
253 883
314 803
406 613
616 585
349 931
204 372
168 215
134 463
439 476
492 510
240 153
181 570
653 958
989 60
253 877
450 857
111 763
660 516
375 627
452 76
909 655
799 76
222 284
538 660
759 29
521 351
181 53
272 185
11 612
244 615
488 694
471 950
808 130
465 535
108 269
962 16
923 760
443 144
43 332
155 153
713 28
503 893
80 774
430 442
386 673
56 225
718 527
175 878
8 991
412 116
259 725
483 534
484 278
29 878
609 184
382 321
563 885
566 642
10 995
436 747
19 843
324 737
369 850
614 729
192 377
196 451
101 30
336 936
307 364
165 916
899 546
236 461
782 153
455 792
147 242
890 166
84 213
254 453
414 219
533 606
595 728
408 695
757 743
630 64
